1.000000000 0.000000000 0.000000000 0.000000000 0.000000000 1.000000000 0.000000000 0.000000000 0.000000000 0.000000000 1.000000000 0.000000000
0.999998331 0.000570671 0.001727102 -0.006943244 -0.000562873 0.999989688 -0.004512019 -0.001456023 -0.001729659 0.004511040 0.999988317 0.977768481
0.999996424 -0.001278824 0.002319777 -0.006326206 0.001290954 0.999985456 -0.005234825 -0.003230079 -0.002313049 0.005237801 0.999983549 1.952090859
0.999992549 -0.003038763 0.002434645 -0.007413342 0.003041842 0.999994516 -0.001261394 -0.002851874 -0.002430799 0.001268791 0.999996185 2.939686537
0.999981880 -0.005647311 0.002091017 -0.014828143 0.005637431 0.999973118 0.004701263 -0.000352077 -0.002117509 -0.004689389 0.999986768 3.922333479
0.999959230 -0.009017727 0.000496778 -0.005157756 0.009015189 0.999947309 0.004900426 -0.003817173 -0.000540942 -0.004895747 0.999987841 4.877263069
0.999929726 -0.011856332 -0.000202565 -0.011232561 0.011856692 0.999927878 0.001881777 0.006196248 0.000180240 -0.001884046 0.999998152 5.843128681
0.999921441 -0.012505426 -0.000812485 -0.019457592 0.012504212 0.999920666 -0.001482296 0.008108272 0.000830957 0.001472021 0.999998510 6.799537659
0.999926031 -0.012021881 -0.001854268 -0.014476483 0.012018191 0.999925792 -0.001988262 0.001739753 0.001878034 0.001965830 0.999996305 7.744202614
0.999925911 -0.011745580 -0.003196634 -0.016852403 0.011745880 0.999931037 0.000075581 0.001371470 0.003195525 -0.000113122 0.999994874 8.688846588
0.999931335 -0.011203229 -0.003431805 -0.030394165 0.011213160 0.999932945 0.002888354 0.001585232 0.003399217 -0.002926638 0.999989867 9.646452904
0.999921799 -0.011638837 -0.004580340 -0.035487857 0.011657532 0.999923706 0.004076517 0.008984454 0.004532545 -0.004129594 0.999981165 10.596918106
0.999906778 -0.012797231 -0.004765183 -0.044931151 0.012820575 0.999905825 0.004900747 0.010747176 0.004702019 -0.004961383 0.999976575 11.530599594
0.999903679 -0.012788383 -0.005398541 -0.054561153 0.012815097 0.999905646 0.004942784 0.014277078 0.005334820 -0.005011491 0.999973178 12.459073067
0.999887943 -0.013559973 -0.006344829 -0.062932916 0.013582997 0.999901295 0.003599828 0.017654270 0.006295389 -0.003685607 0.999973357 13.394182205
0.999872386 -0.014113396 -0.007478386 -0.074801452 0.014126411 0.999898851 0.001690312 0.022073261 0.007453773 -0.001795739 0.999970675 14.322044373
0.999837637 -0.015555071 -0.009101627 -0.086880557 0.015558358 0.999878943 0.000290267 0.027399557 0.009096010 -0.000431826 0.999958515 15.246085167
0.999824226 -0.015291611 -0.010849352 -0.096501440 0.015284627 0.999882936 -0.000726167 0.030582674 0.010859185 0.000560211 0.999940872 16.169761658
0.999828696 -0.013945077 -0.012166174 -0.119613253 0.013931088 0.999902308 -0.001233651 0.026363147 0.012182187 0.001063952 0.999925196 17.089126587
0.999825597 -0.012365241 -0.013993840 -0.134059340 0.012350863 0.999923170 -0.001113401 0.025036491 0.014006532 0.000940371 0.999901474 18.006830215
0.999787927 -0.013367690 -0.015674412 -0.150406942 0.013363563 0.999910593 -0.000368341 0.024580127 0.015677936 0.000158797 0.999877036 18.917085648
0.999771178 -0.012727140 -0.017197333 -0.168069050 0.012745396 0.999918342 0.000952464 0.025680529 0.017183805 -0.001171433 0.999851704 19.827867508
0.999758005 -0.011793359 -0.018574866 -0.186581492 0.011826051 0.999928713 0.001651080 0.024405118 0.018554069 -0.001870347 0.999826133 20.730421066
0.999719739 -0.013422212 -0.019500902 -0.218461469 0.013447511 0.999908924 0.001166819 0.029576663 0.019483462 -0.001428730 0.999809146 21.641025543
0.999682963 -0.013371376 -0.021335229 -0.235226199 0.013392002 0.999910116 0.000824222 0.027549241 0.021322288 -0.001109682 0.999772012 22.526145935
0.999653101 -0.013469926 -0.022637086 -0.256820112 0.013500257 0.999908149 0.001187556 0.029347729 0.022619013 -0.001492751 0.999743044 23.411453247
0.999647319 -0.012992780 -0.023159564 -0.286779821 0.013067658 0.999909818 0.003084623 0.033129886 0.023117399 -0.003386176 0.999727070 24.278781891
0.999615848 -0.013897392 -0.023977906 -0.308659822 0.014045942 0.999883115 0.006037980 0.031204171 0.023891188 -0.006372453 0.999694228 25.151855469
0.999602377 -0.013658494 -0.024668293 -0.330753505 0.013848217 0.999875605 0.007536581 0.034210563 0.024562286 -0.007875196 0.999667168 26.007921219
0.999593496 -0.013308918 -0.025213271 -0.360255599 0.013476012 0.999888182 0.006468954 0.038960621 0.025124360 -0.006806099 0.999661148 26.853668213
0.999587953 -0.011818863 -0.026159069 -0.385012060 0.011920149 0.999922037 0.003719288 0.045215935 0.026113071 -0.004029575 0.999650836 27.683233261
0.999569535 -0.011605125 -0.026946960 -0.410549045 0.011670192 0.999929368 0.002258601 0.045645125 0.026918847 -0.002572104 0.999634326 28.495613098
0.999563217 -0.010550435 -0.027606541 -0.441644996 0.010604159 0.999942124 0.001800370 0.048001654 0.027585950 -0.002092327 0.999617219 29.310771942
0.999527335 -0.010475503 -0.028904481 -0.464237392 0.010523106 0.999943495 0.001495259 0.046586160 0.028887186 -0.001798718 0.999581039 30.111324310
0.999478340 -0.009973479 -0.030719532 -0.495905578 0.009996051 0.999949872 0.000581279 0.046087794 0.030712191 -0.000888050 0.999527872 30.892812729
0.999412715 -0.010081743 -0.032749664 -0.522607446 0.010106080 0.999948680 0.000577719 0.043375243 0.032742161 -0.000908351 0.999463439 31.692878723
0.999337792 -0.010272502 -0.034906588 -0.549553633 0.010325194 0.999945760 0.001329634 0.052277673 0.034891039 -0.001689171 0.999389708 32.477783203
0.999266922 -0.010569881 -0.036793351 -0.585308015 0.010716747 0.999935329 0.003796682 0.047925688 0.036750842 -0.004188204 0.999315798 33.258598328
0.999203444 -0.009501290 -0.038758621 -0.615573943 0.009704232 0.999940157 0.005051263 0.054990895 0.038708307 -0.005423361 0.999235809 34.020023346
0.999136209 -0.008243781 -0.040728603 -0.651347339 0.008486405 0.999947250 0.005787754 0.048171714 0.040678740 -0.006128395 0.999153495 34.773242950
0.999080896 -0.005414564 -0.042522568 -0.689476192 0.005629015 0.999971986 0.004925102 0.053004570 0.042494714 -0.005159935 0.999083400 35.504928589
0.998998404 -0.004126296 -0.044554543 -0.721782565 0.004321423 0.999981463 0.004284057 0.053437382 0.044536047 -0.004472305 0.998997748 36.248607635
0.998930156 -0.003674480 -0.046099287 -0.758827507 0.003916717 0.999978960 0.005165466 0.062882066 0.046079338 -0.005340498 0.998923481 36.966789246
0.998873055 -0.002356350 -0.047403798 -0.793609262 0.002691701 0.999971807 0.007011751 0.067156225 0.047385931 -0.007131446 0.998851299 37.680503845
0.998889327 0.000345312 -0.047115818 -0.838383257 0.000001698 0.999972820 0.007364816 0.073567778 0.047117088 -0.007356717 0.998862267 38.369373322
0.998913288 0.003518481 -0.046476729 -0.871940911 -0.003253594 0.999978006 0.005773782 0.068741441 0.046496019 -0.005616290 0.998902678 39.064357758
0.998986483 0.005099785 -0.044720676 -0.904073834 -0.004995409 0.999984562 0.002445397 0.075491652 0.044732455 -0.002219520 0.998996556 39.734470367
0.999079883 0.005849434 -0.042486824 -0.935222030 -0.005828621 0.999982893 0.000613723 0.080013834 0.042489685 -0.000365520 0.999096811 40.396553040
0.999203742 0.006804771 -0.039311998 -0.965727627 -0.006749738 0.999976039 0.001532442 0.077572785 0.039321482 -0.001265876 0.999225795 41.064735413
0.999276042 0.011508768 -0.036261138 -0.990275145 -0.011371433 0.999927342 0.003991426 0.083163217 0.036304437 -0.003576195 0.999334335 41.720664978
0.999357522 0.015765278 -0.032187477 -1.021987557 -0.015530601 0.999851108 0.007527946 0.085530892 0.032301370 -0.007023219 0.999453485 42.354804993
0.999399245 0.020706655 -0.027791101 -1.046756029 -0.020469021 0.999751687 0.008808045 0.081154734 0.027966583 -0.008233896 0.999574959 42.970611572
0.999439180 0.024407612 -0.022926131 -1.064298868 -0.024204960 0.999665797 0.009075874 0.086420804 0.023139995 -0.008515857 0.999695957 43.592269897
0.999455273 0.028131612 -0.017254373 -1.075263500 -0.027945362 0.999549568 0.010942315 0.094850481 0.017554428 -0.010454174 0.999791265 44.173748016
0.999391556 0.033318207 -0.010320146 -1.093721628 -0.033191677 0.999374509 0.012198623 0.097588748 0.010720128 -0.011848656 0.999872386 44.745979309
0.999328554 0.036513116 -0.003055789 -1.101202726 -0.036473975 0.999262393 0.012010594 0.099124223 0.003492080 -0.011891073 0.999923170 45.294067383
0.999203563 0.039707907 0.003924027 -1.103135824 -0.039751865 0.999139309 0.011842988 0.101358861 -0.003450389 -0.011989546 0.999922156 45.829280853
0.998963714 0.044146020 0.011072775 -1.095915318 -0.044272002 0.998954475 0.011402637 0.106566787 -0.010557816 -0.011881034 0.999873638 46.336494446
0.998649836 0.048339523 0.019022733 -1.094959140 -0.048502523 0.998789310 0.008202267 0.116248906 -0.018603211 -0.009113843 0.999785423 46.813655853
0.998344064 0.050823241 0.026944794 -1.085575104 -0.050989654 0.998683810 0.005524901 0.111000121 -0.026628539 -0.006889658 0.999621630 47.258819580
0.998082221 0.051077180 0.034970824 -1.071814775 -0.051295798 0.998668969 0.005382707 0.111600950 -0.034649335 -0.007166241 0.999373853 47.709705353
0.997821927 0.050251901 0.042733960 -1.048286438 -0.050579477 0.998697996 0.006618439 0.114495307 -0.042345732 -0.008765483 0.999064565 48.123462677
0.997357368 0.051890742 0.050848272 -1.019979477 -0.052335601 0.998601675 0.007455721 0.115395665 -0.050390281 -0.010097193 0.998678625 48.514884949
0.996718705 0.054888424 0.059489667 -1.004497051 -0.055430017 0.998434484 0.007491172 0.116815850 -0.058985353 -0.010764104 0.998200953 48.883884430
0.995896101 0.059668053 0.068049826 -0.977303505 -0.060272094 0.998158455 0.006856268 0.118471593 -0.067515410 -0.010929637 0.997658432 49.222644806
0.994978309 0.063555911 0.077323042 -0.963793755 -0.064296216 0.997905433 0.007119888 0.112907171 -0.076708585 -0.012055714 0.996980608 49.530609131
0.994267702 0.062835619 0.086506918 -0.923202515 -0.063734077 0.997937381 0.007660781 0.113194287 -0.085847132 -0.013130304 0.996221781 49.825431824
0.993364930 0.061825283 0.096973218 -0.885051250 -0.062698133 0.998014629 0.005976696 0.109809190 -0.096411161 -0.012017079 0.995269060 50.104980469
0.992235303 0.060472585 0.108683735 -0.844470978 -0.061004281 0.998136401 0.001570861 0.107059255 -0.108386196 -0.008188836 0.994075060 50.377967834
0.990625739 0.061553605 0.121950418 -0.800283909 -0.061726458 0.998090267 -0.002363630 0.103841126 -0.121863030 -0.005186094 0.992533386 50.639862061
0.988507032 0.063002184 0.137421891 -0.759847641 -0.062940747 0.998005867 -0.004796728 0.109817237 -0.137450099 -0.003907838 0.990500927 50.919746399
0.985988855 0.064650007 0.153773800 -0.713916302 -0.064485125 0.997900307 -0.006064979 0.108303219 -0.153843030 -0.003936123 0.988087416 51.189388275
0.983207345 0.065089308 0.170489237 -0.651727676 -0.064756587 0.997872829 -0.007517679 0.110288292 -0.170615867 -0.003648864 0.985330939 51.452579498
0.979951620 0.064135581 0.188630208 -0.594021797 -0.063618667 0.997935474 -0.008800095 0.109319687 -0.188805178 -0.003376734 0.982008755 51.707107544
0.976060748 0.063635066 0.207980409 -0.524741173 -0.063166201 0.997963369 -0.008901862 0.103024781 -0.208123296 -0.004448574 0.978092492 51.953567505
0.971571922 0.063761942 0.227996483 -0.446760178 -0.063112095 0.997954845 -0.010147532 0.100066245 -0.228177220 -0.004530279 0.973609090 52.207172394
0.966259301 0.065618135 0.249072641 -0.369401932 -0.064563356 0.997836411 -0.012410979 0.099267244 -0.249348119 -0.004088740 0.968405247 52.460453033
0.960003197 0.067032114 0.271846622 -0.285235405 -0.065517969 0.997743726 -0.014653261 0.097273290 -0.272215486 -0.003743659 0.962229073 52.709232330
0.952770650 0.068229578 0.295927107 -0.184704781 -0.066550925 0.997658610 -0.015754115 0.091210246 -0.296309143 -0.004684163 0.955080688 52.958168030
0.944169641 0.071377218 0.321634740 -0.084304810 -0.069689244 0.997427702 -0.016774161 0.084987521 -0.322004676 -0.006576825 0.946715236 53.207523346
0.934342086 0.073309645 0.348755628 0.021326065 -0.071636379 0.997273505 -0.017711237 0.077304006 -0.349103153 -0.008435234 0.937046349 53.442504883
0.923188448 0.074023850 0.377151817 0.143455505 -0.072093427 0.997212172 -0.019253895 0.068314910 -0.377525628 -0.009415195 0.925951302 53.691883087
0.910558820 0.072173044 0.407030433 0.283798218 -0.069489010 0.997353256 -0.021394461 0.060387135 -0.407497197 -0.008803221 0.913164079 53.926521301
0.895723343 0.069284879 0.439180106 0.434650421 -0.065395929 0.997570753 -0.023999032 0.050482273 -0.439776033 -0.007224098 0.898078442 54.154464722
0.878382802 0.068702944 0.472994149 0.599205017 -0.062773585 0.997625530 -0.028331380 0.044082046 -0.473817527 -0.004805745 0.880609930 54.389839172
0.858935893 0.070506513 0.507205963 0.771425247 -0.061986800 0.997508168 -0.033690691 0.040273666 -0.508317471 -0.002501936 0.861166120 54.624145508
0.837149620 0.072264567 0.542179286 0.953571320 -0.061517697 0.997384310 -0.037950583 0.027951717 -0.543503523 -0.001583307 0.839405537 54.849327087
0.812673032 0.075161494 0.577852190 1.146160126 -0.062644146 0.997168422 -0.041601393 0.010619044 -0.579342961 -0.002390733 0.815080464 55.070999146
0.785180092 0.079241030 0.614176691 1.364198685 -0.065761797 0.996840775 -0.044540647 -0.002780676 -0.615765810 -0.005416938 0.787910581 55.310920715
0.755351782 0.083384521 0.649992824 1.605840683 -0.069113493 0.996476471 -0.047517028 -0.014151335 -0.651664793 -0.009031204 0.758453369 55.550338745
0.722492218 0.084501341 0.686195672 1.872701645 -0.068841323 0.996363103 -0.050214093 -0.031002045 -0.687943161 -0.010959332 0.725681841 55.783119202
0.686040044 0.081820622 0.722948313 2.162271500 -0.064917468 0.996576905 -0.051185615 -0.049267292 -0.724661827 -0.011816591 0.689003348 56.013816833
0.646758914 0.080504000 0.758433938 2.478782654 -0.062300388 0.996666968 -0.052664250 -0.072257876 -0.760145783 -0.013189653 0.649618685 56.247982025
0.604508698 0.079962097 0.792575002 2.821174622 -0.060128991 0.996691048 -0.054693881 -0.094756961 -0.794326007 -0.014593810 0.607316554 56.467208862
0.558262408 0.079621300 0.825835109 3.185914993 -0.056441564 0.996723056 -0.057942804 -0.113087654 -0.827742457 -0.014264138 0.560926914 56.681579590
0.509989440 0.078855015 0.856558621 3.571170807 -0.053499389 0.996769011 -0.059909649 -0.134117603 -0.858515382 -0.015272075 0.512560368 56.876113892
0.461224675 0.077193230 0.883919179 3.976060867 -0.052071311 0.996846259 -0.059884686 -0.158102155 -0.885754228 -0.018406544 0.463789523 57.056095123
0.411807954 0.074796140 0.908196032 4.442466736 -0.051646221 0.996939600 -0.058686592 -0.184847474 -0.909805954 -0.022737289 0.414410591 57.240764618
0.361504078 0.074701965 0.929373205 4.903158188 -0.054298930 0.996780157 -0.058999069 -0.201972961 -0.930788100 -0.029135564 0.364396304 57.400512695
0.311876059 0.075222850 0.947140336 5.387754440 -0.052666787 0.996697068 -0.061816484 -0.224792004 -0.948661983 -0.030603768 0.314807653 57.542438507
0.265209496 0.071766078 0.961516321 5.866742134 -0.041390367 0.997154295 -0.063009568 -0.253290057 -0.963301957 -0.023086784 0.267425150 57.626579285
0.221665621 0.065870620 0.972895384 6.370011330 -0.028061491 0.997733474 -0.061158765 -0.284556687 -0.974718869 -0.013744100 0.223011658 57.686210632
0.179541752 0.065005459 0.981600285 6.900085449 -0.019077351 0.997856855 -0.062592648 -0.308997452 -0.983565271 -0.007488338 0.180397108 57.744915009
0.140791386 0.066375479 0.987811804 7.449417114 -0.015930688 0.997772753 -0.064774230 -0.338851154 -0.989911139 -0.006616867 0.141535237 57.808799744
0.108671606 0.066832766 0.991828561 7.998297691 -0.006960303 0.997764111 -0.066470101 -0.373616874 -0.994053304 0.000319986 0.108893804 57.832466125
0.079943061 0.065755494 0.994628251 8.548294067 0.000559246 0.997818708 -0.066011369 -0.402680963 -0.996799290 0.005833392 0.079731897 57.847061157
0.055089071 0.064042464 0.996425509 9.127336502 0.007283421 0.997888565 -0.064539179 -0.435339570 -0.998454869 0.010812791 0.054506306 57.855274200
0.035275828 0.063125573 0.997381985 9.719952583 0.011849037 0.997906506 -0.063577853 -0.464685023 -0.999307334 0.014060776 0.034453996 57.857288361
0.019581340 0.064762548 0.997708678 10.322587967 0.014579805 0.997775316 -0.065053038 -0.496805668 -0.999701977 0.015820222 0.018593572 57.858337402
0.006022625 0.064632617 0.997890949 10.927846909 0.015644861 0.997780740 -0.064719930 -0.532796919 -0.999859452 0.016001651 0.004998092 57.854499817
-0.005751589 0.065359533 0.997845173 11.555501938 0.016242648 0.997736156 -0.065258771 -0.568985283 -0.999851465 0.015832305 -0.006800180 57.849391937
-0.014774041 0.068385854 0.997549534 12.191588402 0.021011969 0.997459352 -0.068068475 -0.605068803 -0.999670088 0.019954834 -0.016173426 57.835231781
-0.021109657 0.069945782 0.997327387 12.842419624 0.025118282 0.997271955 -0.069410220 -0.645592630 -0.999461532 0.023585925 -0.022808991 57.809158325
-0.025883123 0.069684781 0.997233152 13.505505562 0.025857083 0.997280300 -0.069016941 -0.676735878 -0.999330521 0.023999166 -0.027614573 57.789508820
-0.029245868 0.066916801 0.997329772 14.172677040 0.023660144 0.997523427 -0.066235967 -0.713876367 -0.999292254 0.021659836 -0.030756703 57.767059326
-0.031975675 0.059998348 0.997686267 14.863060951 0.021659611 0.998003840 -0.059323259 -0.749748945 -0.999253929 0.019712593 -0.033211391 57.755119324
-0.033201028 0.054122038 0.997982264 15.564564705 0.022473771 0.998320699 -0.053392738 -0.789544284 -0.999195993 0.020655729 -0.034361597 57.729560852
-0.033798773 0.051824357 0.998084128 16.308807373 0.025366368 0.998377442 -0.050980590 -0.826635778 -0.999106824 0.023594687 -0.035058524 57.702915192
-0.033307299 0.054100037 0.997979820 17.019021988 0.028658180 0.998174965 -0.053154163 -0.859643936 -0.999034166 0.026829865 -0.034796916 57.672561646
-0.032855872 0.061313085 0.997577667 17.735536575 0.029405555 0.997743726 -0.060354806 -0.896604061 -0.999027491 0.027351314 -0.034584686 57.650749207
-0.030399907 0.069346420 0.997129381 18.469793320 0.029721033 0.997211993 -0.068446055 -0.931657434 -0.999095917 0.027554957 -0.032376204 57.626064301
-0.028514028 0.070255026 0.997121394 19.218803406 0.030827966 0.997114301 -0.069372974 -0.969009042 -0.999117911 0.028761124 -0.030597564 57.613201141
-0.026640914 0.065946229 0.997467458 19.975519180 0.030194648 0.997419417 -0.065136597 -1.009342194 -0.999188900 0.028382881 -0.028563386 57.598232269
-0.023867968 0.059313007 0.997954011 20.732824326 0.029639754 0.997841656 -0.058597423 -1.054392338 -0.999275565 0.028180512 -0.025574472 57.576934814
-0.020923141 0.057536773 0.998124063 21.497714996 0.028204465 0.997979403 -0.056937184 -1.100299120 -0.999383152 0.026960256 -0.022503655 57.563552856
-0.017561872 0.063139886 0.997850120 22.257686615 0.035576038 0.997411549 -0.062485993 -1.146719694 -0.999212682 0.034402192 -0.019762680 57.543426514
-0.014124096 0.068339586 0.997562170 23.005186081 0.037497047 0.996996045 -0.067769900 -1.190548658 -0.999196947 0.036448449 -0.016644200 57.526531219
-0.011968954 0.069036759 0.997542381 23.762405396 0.031639889 0.997140348 -0.068629302 -1.229344726 -0.999427617 0.030740712 -0.014119046 57.530773163
-0.008445769 0.065504909 0.997816503 24.530458450 0.026993800 0.997503340 -0.065255865 -1.274924874 -0.999599934 0.026383720 -0.010192909 57.532978058
-0.004082027 0.062144767 0.998058796 25.297559738 0.031176224 0.997589827 -0.061988059 -1.323950052 -0.999505579 0.030862659 -0.006009627 57.530082703
-0.000174154 0.063290447 0.997995138 26.058660507 0.035856780 0.997353792 -0.063243516 -1.369210362 -0.999356866 0.035773873 -0.002443085 57.518104553
0.002883995 0.067909658 0.997687340 26.820703506 0.035688780 0.997048914 -0.067969367 -1.412072659 -0.999358773 0.035802267 0.000451871 57.516860962
0.006251832 0.068846203 0.997607589 27.592763901 0.032090563 0.997099578 -0.069012240 -1.456891418 -0.999465346 0.032445244 0.004024385 57.530628204
0.009693035 0.068541519 0.997601151 28.359167099 0.031058453 0.997146010 -0.068812028 -1.501919627 -0.999470592 0.031650942 0.007536576 57.548591614
0.012917169 0.065114588 0.997794092 29.122936249 0.034926962 0.997239113 -0.065530509 -1.554564714 -0.999306440 0.035696387 0.010607252 57.563980103
0.016477650 0.065796465 0.997696936 29.883523941 0.039332163 0.997017443 -0.066401243 -1.601722002 -0.999090433 0.040335715 0.013840588 57.571643829
0.020496985 0.066502042 0.997575760 30.656469345 0.042331818 0.996832788 -0.067322306 -1.653981924 -0.998893321 0.043609098 0.017616915 57.577011108
0.023379603 0.066538706 0.997509897 31.419673920 0.042830862 0.996799827 -0.067495205 -1.696198225 -0.998808742 0.044302210 0.020454872 57.593891144
0.026801065 0.064826779 0.997536540 32.180313110 0.044211023 0.996841729 -0.065969437 -1.745165586 -0.998662531 0.045870170 0.023850357 57.611595154
0.030457724 0.063936949 0.997489035 32.946941376 0.046101004 0.996800184 -0.065300457 -1.794094324 -0.998472333 0.047974143 0.027412703 57.633506775
0.033199664 0.063910760 0.997403145 33.731185913 0.044675451 0.996860981 -0.065363079 -1.850513697 -0.998449743 0.046729479 0.030240206 57.665859222
0.036599249 0.065695658 0.997168243 34.498474121 0.041712623 0.996866703 -0.067206770 -1.894668818 -0.998459101 0.044054218 0.033744238 57.692573547
0.039374437 0.065872848 0.997050822 35.270183563 0.043387823 0.996770799 -0.067567773 -1.938903570 -0.998282075 0.045920309 0.036389217 57.724441528
0.041942928 0.065463640 0.996973038 36.043468475 0.041207384 0.996888697 -0.067191705 -1.986881971 -0.998269916 0.043900866 0.039114848 57.759277344
0.043935947 0.065607585 0.996877730 36.820743561 0.039629914 0.996941447 -0.067358419 -2.041619778 -0.998247981 0.042465638 0.041201547 57.804088593
0.046718448 0.066016853 0.996724188 37.626194000 0.036844753 0.997020841 -0.067763485 -2.085304499 -0.998228371 0.039889861 0.044146899 57.853923798
0.050018433 0.068215482 0.996415913 38.402767181 0.035499603 0.996912956 -0.070031516 -2.128702879 -0.998117268 0.038875237 0.047442399 57.895973206
0.053587265 0.071411289 0.996006370 39.188568115 0.034452081 0.996713579 -0.073315583 -2.184256554 -0.997968674 0.038243283 0.050950889 57.932937622
0.057041086 0.073721342 0.995646298 39.984611511 0.034932822 0.996511996 -0.075786754 -2.234514236 -0.997760534 0.039103691 0.054266833 57.982166290
0.060036302 0.075771518 0.995316207 40.782878876 0.028397691 0.996581554 -0.077580750 -2.291490555 -0.997792184 0.032922342 0.057679340 58.039402008
0.061767209 0.074524552 0.995304525 41.585933685 0.024236051 0.996802449 -0.076140791 -2.354228258 -0.997796297 0.028825253 0.059763536 58.120304108
0.065767415 0.075195797 0.994997561 42.386989594 0.026529869 0.996672213 -0.077075906 -2.408004761 -0.997482181 0.031466242 0.063553631 58.169315338
0.069431961 0.076425776 0.994654775 43.188716888 0.025817959 0.996589482 -0.078376643 -2.465770721 -0.997252524 0.031121798 0.067221999 58.228618622
0.073154211 0.077323630 0.994318604 43.996807098 0.022303274 0.996613741 -0.079143010 -2.516956091 -0.997071147 0.027966203 0.071181923 58.300407410
0.076722853 0.075551108 0.994185805 44.825508118 0.020908594 0.996783912 -0.077362068 -2.577848434 -0.996833205 0.026722467 0.074896432 58.387817383
0.082016125 0.075186543 0.993790865 45.645229340 0.021323629 0.996789634 -0.077173226 -2.642120838 -0.996402860 0.027520681 0.080149569 58.439590454
0.087360106 0.078881301 0.993048668 46.459037781 0.017929830 0.996574104 -0.080738626 -2.700377703 -0.996015429 0.024858534 0.085646473 58.513118744
0.093163833 0.087489016 0.991799474 47.268688202 0.015818609 0.995876014 -0.089334533 -2.762319088 -0.995525122 0.024011631 0.091395661 58.600994110
0.100257218 0.091907397 0.990707517 48.096942902 0.013977581 0.995496094 -0.093766138 -2.832911730 -0.994863331 0.023248428 0.098521009 58.702133179
0.107225239 0.095117085 0.989674449 48.923877716 0.009441390 0.995270967 -0.096677892 -2.905963421 -0.994189918 0.019710211 0.105820127 58.795661926
0.114542313 0.093197718 0.989037097 49.756134033 0.005738432 0.995510995 -0.094472334 -2.979916573 -0.993401706 0.016496602 0.113493331 58.900218964
0.121900059 0.091689698 0.988298297 50.594783783 0.005616973 0.995644331 -0.093064040 -3.049102783 -0.992526412 0.016895756 0.120854080 59.012668610
0.129229113 0.087935016 0.987708151 51.431255341 0.005732391 0.995977461 -0.089421242 -3.121179104 -0.991598248 0.017217755 0.128205195 59.129245758
0.136669934 0.082220681 0.987198651 52.263656616 0.003370096 0.996505320 -0.083462358 -3.194443941 -0.990610957 0.014733749 0.135915190 59.245140076
0.144394457 0.074789345 0.986689746 53.091655731 0.000223362 0.997137129 -0.075613931 -3.267121315 -0.989520192 0.011138624 0.143964350 59.367855072
0.151760489 0.071974531 0.985793293 53.917140961 -0.000255661 0.997348130 -0.072778806 -3.334244490 -0.988417208 0.010792918 0.151376426 59.503822327
0.158992603 0.073844448 0.984514236 54.729339600 -0.000519291 0.997204959 -0.074712470 -3.394687891 -0.987279594 0.011367479 0.158586562 59.638114929
0.164546743 0.080527440 0.983076572 55.539588928 0.000494900 0.996654987 -0.081722528 -3.449532747 -0.986369193 0.013933701 0.163956508 59.784027100
0.169823021 0.084252842 0.981866419 56.328815460 -0.000846690 0.996350706 -0.085349284 -3.509915352 -0.985474229 0.013662936 0.169274598 59.923500061
0.174488902 0.086987920 0.980809212 57.142822266 -0.002454686 0.996125340 -0.087909624 -3.586165428 -0.984656036 0.012931674 0.174026370 60.082847595
0.179820806 0.086452581 0.979893029 57.929988861 -0.005349581 0.996201813 -0.086909749 -3.657123327 -0.983684838 0.010386163 0.179600284 60.237297058
0.184799030 0.083291501 0.979240417 58.708988190 -0.001097099 0.996418953 -0.084545597 -3.721704483 -0.982775807 0.014549624 0.184228629 60.388740540
0.189508021 0.076638497 0.978883684 59.482078552 -0.000818698 0.996961176 -0.077895321 -3.781408787 -0.981878817 0.013960377 0.188994870 60.538764954
0.192533195 0.070417896 0.978760540 60.238693237 -0.001730456 0.997444630 -0.071421750 -3.837557316 -0.981288850 0.012057354 0.192163065 60.701644897
0.195520997 0.066911191 0.978414237 61.014762878 -0.005438845 0.997728407 -0.067145146 -3.903535843 -0.980684459 0.007806845 0.195440739 60.865192413
0.198813990 0.066802837 0.977757812 61.749912262 -0.007090661 0.997746110 -0.066726692 -3.955952644 -0.980011582 0.006333250 0.198839545 61.016937256
0.201022118 0.068934701 0.977158189 62.481494904 -0.008515554 0.997606158 -0.068625391 -4.002834320 -0.979549766 0.005474176 0.201127931 61.174293518
0.201827213 0.073531732 0.976656973 63.196014404 -0.013430786 0.997291863 -0.072309814 -4.054808617 -0.979328990 0.001476817 0.202268243 61.346851349
0.203946576 0.077968322 0.975872219 63.918197632 -0.014847698 0.996955156 -0.076549761 -4.107380867 -0.978869498 0.001122606 0.204483271 61.504646301
0.206623599 0.083019942 0.974891961 64.632614136 -0.014595825 0.996544302 -0.081770301 -4.162505150 -0.978311658 0.002666324 0.207121313 61.657829285
0.208056182 0.084883034 0.974426746 65.324813843 -0.013610569 0.996382058 -0.083889514 -4.216726303 -0.978022277 0.004191228 0.208458766 61.810874939
0.209040508 0.085012153 0.974204779 66.006477356 -0.016348280 0.996378839 -0.083439179 -4.268138409 -0.977770388 0.001515598 0.209673330 61.969276428
0.209826797 0.081868663 0.974305093 66.703529358 -0.016022792 0.996642411 -0.080294952 -4.327598095 -0.977607310 0.001236943 0.210434034 62.126132965
0.210975051 0.078961067 0.974296987 67.372428894 -0.015850978 0.996877313 -0.077358685 -4.387517929 -0.977362990 0.000877192 0.211567834 62.267410278
0.210451707 0.077840395 0.974500358 68.041633606 -0.014572274 0.996964097 -0.076487727 -4.436661720 -0.977495730 0.001896284 0.210947067 62.422187805
0.209392101 0.077079684 0.974789023 68.680671692 -0.015317393 0.997024477 -0.075547613 -4.493476868 -0.977711797 0.000887848 0.209949732 62.551811218
0.207745925 0.078027233 0.975065887 69.329414368 -0.015790107 0.996951163 -0.076414332 -4.536976337 -0.978055418 0.000478372 0.208344594 62.701217651
0.205382884 0.080785923 0.975341797 69.949584961 -0.016917855 0.996731460 -0.078995101 -4.589532852 -0.978535473 -0.000276446 0.206078306 62.833816528
0.203358054 0.084148198 0.975481749 70.569290161 -0.014921037 0.996450603 -0.082846455 -4.643476009 -0.978990734 0.002292296 0.203891858 62.962867737
0.201682374 0.084765613 0.975776076 71.173820496 -0.012811042 0.996391118 -0.083908521 -4.695375443 -0.979367197 0.004422161 0.202040464 63.082275391
0.199247941 0.083799258 0.976359665 71.783134460 -0.013089212 0.996475697 -0.082854658 -4.736821651 -0.979861677 0.003728841 0.199642584 63.214279175
0.196836367 0.080976121 0.977086663 72.377029419 -0.013514484 0.996712983 -0.079880118 -4.783337116 -0.980343163 0.002518491 0.197283670 63.334983826
0.194876432 0.076843627 0.977813005 72.965957642 -0.013081917 0.997041345 -0.075747520 -4.834158421 -0.980740547 0.001969738 0.195305094 63.453403473
0.193077415 0.075630598 0.978264332 73.541976929 -0.009357408 0.997121513 -0.075241618 -4.882830620 -0.981138885 0.005373439 0.193229347 63.563243866
0.191099033 0.077244759 0.978526592 74.108161926 -0.005802492 0.996970356 -0.077567510 -4.929244041 -0.981553614 0.009145181 0.190968245 63.672019958
0.188642144 0.079185285 0.978848159 74.669807434 -0.001588642 0.996767163 -0.080328710 -4.968661785 -0.982044697 0.013598339 0.188158065 63.774597168
0.186909914 0.081067555 0.979026437 75.225387573 -0.002324396 0.996622980 -0.082080878 -5.010073185 -0.982374370 0.013066083 0.186467156 63.882667542
0.186035633 0.083904132 0.978953958 75.787994385 -0.002411034 0.996383190 -0.084939785 -5.048766136 -0.982540131 0.013441538 0.185565084 63.987377167
0.184775621 0.082278661 0.979330540 76.352897644 -0.000602767 0.996498585 -0.083607323 -5.093657017 -0.982780576 0.014858285 0.184178233 64.090957642
0.185342282 0.080560669 0.979366243 76.911468506 0.005748455 0.996528029 -0.083060242 -5.137155056 -0.982657254 0.021024421 0.184235707 64.193443298
0.187344804 0.078697465 0.979136646 77.481880188 0.009887880 0.996583939 -0.081991695 -5.187322140 -0.982244432 0.025042305 0.185926706 64.295501709
0.189133242 0.077974267 0.978850722 78.051773071 0.012723969 0.996563911 -0.081843823 -5.230197906 -0.981868982 0.027934253 0.187491238 64.406166077
0.192208692 0.077492483 0.978289604 78.618148804 0.010275959 0.996663749 -0.080966897 -5.277369976 -0.981300294 0.025615407 0.190771118 64.529090881
0.197661385 0.078071915 0.977156520 79.190055847 0.009090893 0.996634603 -0.081467092 -5.322242737 -0.980228245 0.024986124 0.196286425 64.648429871
0.204067126 0.077150978 0.975911975 79.764038086 0.010345194 0.996664047 -0.080954753 -5.359932899 -0.978902280 0.026616203 0.202588215 64.775184631
0.211826578 0.077492394 0.974230111 80.359687805 0.008014109 0.996680200 -0.081020631 -5.403927326 -0.977274418 0.024969909 0.210502326 64.907867432
0.220445782 0.074551180 0.972545922 80.945472717 0.008981876 0.996877432 -0.078452222 -5.458402634 -0.975357831 0.026029751 0.219087824 65.040367126
0.229129076 0.074850284 0.970513940 81.521827698 0.005452988 0.996924758 -0.078174599 -5.496076584 -0.973380804 0.023204274 0.228016257 65.194786072
0.238731027 0.074667603 0.968210876 82.119018555 0.004461279 0.996944726 -0.077983551 -5.537030220 -0.971075475 0.022936549 0.237668544 65.350982666
0.247642756 0.078502156 0.965665817 82.720306396 -0.001181124 0.996735632 -0.080725037 -5.580953598 -0.968850672 0.018850403 0.246927112 65.530685425
0.257472187 0.080481485 0.962928176 83.339866638 -0.004335072 0.996611595 -0.082137592 -5.627283096 -0.966276050 0.016973784 0.256948680 65.701797485
0.267946184 0.082830235 0.959866643 83.961296082 -0.008357524 0.996459782 -0.083654985 -5.677060604 -0.963397622 0.014392925 0.267689824 65.890869141
0.277688295 0.084957398 0.956907272 84.595497131 -0.009806774 0.996280670 -0.085607238 -5.724608421 -0.960621238 0.014387959 0.277488708 66.104446411
0.288399279 0.085878633 0.953651249 85.213951111 -0.013308153 0.996233106 -0.085688636 -5.778724670 -0.957417727 0.012021201 0.288455784 66.283355713
0.298596561 0.086133473 0.950484693 85.860801697 -0.013755498 0.996204019 -0.085955292 -5.825415134 -0.954280317 0.012591561 0.298647851 66.499923706
0.308650106 0.087009162 0.947187781 86.513793945 -0.017862983 0.996161997 -0.085687138 -5.873352051 -0.951007903 0.009527747 0.309019744 66.724609375
0.318952918 0.081964232 0.944219708 87.178359985 -0.017445715 0.996592522 -0.080617428 -5.924036026 -0.947609961 0.009240573 0.319295943 66.961524963
0.330252409 0.075089358 0.940901101 87.865974426 -0.013624202 0.997106016 -0.074792795 -5.970996380 -0.943794310 0.011881471 0.330319703 67.197250366
0.340955079 0.070879795 0.937403619 88.550537109 -0.012198872 0.997403085 -0.070979513 -6.020647526 -0.940000415 0.012765561 0.340934336 67.449989319
0.350831777 0.067667335 0.933990479 89.249908447 -0.013147515 0.997643292 -0.067340411 -6.068972588 -0.936346233 0.011345503 0.350894690 67.729660034
0.360570282 0.065068908 0.930459619 89.961769104 -0.006726297 0.997719049 -0.067165934 -6.109649658 -0.932707727 0.017959492 0.360185564 68.001083374
0.369059592 0.059374943 0.927507222 90.679344177 0.000326352 0.997948945 -0.064014181 -6.148427010 -0.929405749 0.023927737 0.368283242 68.281074524
0.376462996 0.049725551 0.925096214 91.414772034 0.010216907 0.998274863 -0.057816766 -6.189680099 -0.926375270 0.031217486 0.375305533 68.562568665
0.383522600 0.045477767 0.922411084 92.149406433 0.015445630 0.998331249 -0.055642899 -6.231594086 -0.923402309 0.035587527 0.382180095 68.865676880
0.390717238 0.045451172 0.919387877 92.878738403 0.017410535 0.998236716 -0.056748215 -6.277765274 -0.920346200 0.038179535 0.389236927 69.172157288
0.397744268 0.052043147 0.916019142 93.612823486 0.019337872 0.997692764 -0.065080062 -6.317585945 -0.917292535 0.043599077 0.395820051 69.499679565
0.405528337 0.056186449 0.912354052 94.341194153 0.023315584 0.997148514 -0.071771868 -6.359302521 -0.913785100 0.050377607 0.403061926 69.802795410
0.410816699 0.058194112 0.909858823 95.066123962 0.021432320 0.997068703 -0.073449060 -6.411520958 -0.911466002 0.049674492 0.408365220 70.134552002
0.415099353 0.059785586 0.907809615 95.775978088 0.014514614 0.997276306 -0.072314456 -6.465720654 -0.909660339 0.043194190 0.413101047 70.473754883
0.418854803 0.063245185 0.905848026 96.481658936 0.007842692 0.997282326 -0.073255375 -6.523445606 -0.908019483 0.037787654 0.417220503 70.820266724
0.423386693 0.066506855 0.903504610 97.198875427 0.006930475 0.997034907 -0.076639250 -6.581366539 -0.905922532 0.038709749 0.421670318 71.154289246
0.427279770 0.070416011 0.901373148 97.886718750 0.003866360 0.996810973 -0.079704471 -6.638468742 -0.904111147 0.037541132 0.425644875 71.486587524
0.430524260 0.073278546 0.899599433 98.560073853 0.000874449 0.996664464 -0.081603661 -6.696528435 -0.902578473 0.035919011 0.429024160 71.823532104
0.434759766 0.071797132 0.897679865 99.249336243 0.000406033 0.996800959 -0.079921573 -6.747302055 -0.900546372 0.035111163 0.433339834 72.155441284
0.439221263 0.068985015 0.895726383 99.933975220 0.000643953 0.997022986 -0.077102214 -6.808985710 -0.898378730 0.034441739 0.437869221 72.484985352
0.442495674 0.066220053 0.894322276 100.588058472 0.000544028 0.997249901 -0.074110486 -6.862508297 -0.896770537 0.033280108 0.441242754 72.815460205
0.446203679 0.064670317 0.892591715 101.233711243 -0.000145508 0.997390866 -0.072190531 -6.922513008 -0.894931436 0.032081798 0.445048928 73.140045166
0.449617654 0.066622347 0.890733063 101.863616943 -0.002405775 0.997301280 -0.073378742 -6.970906258 -0.893217921 0.030849474 0.448564559 73.463867188
0.452330917 0.066769086 0.889347315 102.490516663 -0.001055462 0.997232974 -0.074331962 -7.022562981 -0.891849637 0.032683972 0.451149821 73.785934448
0.454388261 0.065450892 0.888396025 103.108222961 0.000466483 0.997279525 -0.073711269 -7.076739311 -0.890803635 0.033907957 0.453121573 74.110153198
0.456153005 0.064254344 0.887578607 103.714950562 0.002904912 0.997277081 -0.073688626 -7.120858192 -0.889896631 0.036191624 0.454724222 74.418632507
0.457769603 0.064286001 0.886743605 104.313056946 0.001200166 0.997336805 -0.072923206 -7.173847198 -0.889070034 0.034446273 0.456473351 74.737739563
0.459835052 0.063366063 0.885740697 104.902770996 0.003123241 0.997329175 -0.072970569 -7.218829155 -0.887998879 0.036320798 0.458409071 75.043357849
0.462370187 0.065406345 0.884271264 105.480171204 0.002140062 0.997190416 -0.074877553 -7.268229485 -0.886684418 0.036513541 0.460931122 75.346618652
0.465636969 0.065386564 0.882556975 106.049301147 0.004834545 0.997063935 -0.076420829 -7.316167355 -0.884962678 0.039851129 0.463953674 75.634178162
0.468569636 0.064501897 0.881068647 106.609855652 0.006227969 0.997064948 -0.076306008 -7.373646736 -0.883404613 0.041241944 0.466792673 75.931564331
0.471888810 0.062710248 0.879424989 107.160186768 0.009284304 0.997058392 -0.076080322 -7.418738365 -0.881609142 0.044066295 0.469918549 76.220535278
0.474937320 0.061617870 0.877859712 107.690994263 0.011076246 0.997048140 -0.075976267 -7.461451530 -0.879949868 0.045807358 0.472852826 76.508499146
0.478152364 0.061287384 0.876135886 108.222785950 0.012147396 0.997005403 -0.076371893 -7.504522800 -0.878192961 0.047160167 0.475975990 76.801834106
0.481727988 0.060681026 0.874217391 108.751113892 0.012459530 0.997024536 -0.076071009 -7.551761627 -0.876232207 0.047537871 0.479538620 77.096015930
0.484922916 0.060317423 0.872474372 109.288925171 0.013222550 0.996999204 -0.076275408 -7.603389740 -0.874456942 0.048524030 0.482670158 77.405990601
0.488901377 0.061564662 0.870163918 109.799430847 0.012940401 0.996884882 -0.077800825 -7.644515038 -0.872243106 0.049297199 0.486581713 77.692718506
0.493113965 0.061797991 0.867766976 110.308891296 0.015223201 0.996708155 -0.079631224 -7.684466839 -0.869831502 0.052477464 0.490549952 77.984725952
0.498153806 0.064893015 0.864656985 110.814254761 0.012951051 0.996527433 -0.082251459 -7.735396385 -0.866991997 0.052172095 0.495583504 78.278427124
0.503419518 0.070738159 0.861141682 111.300537109 0.009694815 0.996117949 -0.087493286 -7.782155991 -0.863987684 0.052394435 0.500779450 78.567184448
0.509242892 0.077886648 0.857091248 111.809783936 0.004078509 0.995666802 -0.092902690 -7.832189560 -0.860613167 0.050805688 0.506718576 78.885993958
0.515512586 0.084210277 0.852734149 112.300613403 -0.001040337 0.995220065 -0.097652309 -7.878823280 -0.856881380 0.049453851 0.513135910 79.193084717
0.521972537 0.088463716 0.848362505 112.796638489 -0.004470804 0.994877279 -0.100990929 -7.929969788 -0.852950573 0.048921622 0.519694149 79.510917664
0.527471542 0.088960722 0.844902217 113.294670105 -0.008653754 0.995013595 -0.099363595 -7.978673458 -0.849528611 0.045099881 0.525611162 79.837318420
0.532753766 0.088070482 0.841675103 113.806449890 -0.015230165 0.995406806 -0.094516322 -8.032680511 -0.846133232 0.037535068 0.531648099 80.179313660
0.538792372 0.085729383 0.838065207 114.316856384 -0.021209059 0.995873809 -0.088236995 -8.079099655 -0.842171550 0.029766846 0.538387418 80.521652222
0.544820666 0.084033065 0.834331393 114.834060669 -0.027476341 0.996220827 -0.082396276 -8.130584717 -0.838102341 0.021966822 0.545070648 80.874504089
0.550731957 0.082209855 0.830623686 115.350288391 -0.030285191 0.996450722 -0.078542218 -8.179113388 -0.834132552 0.018100124 0.551267028 81.234664917
0.556760132 0.085559934 0.826255322 115.888069153 -0.035344735 0.996220529 -0.079343542 -8.232732773 -0.829921007 0.014971551 0.557679832 81.622009277
0.562956452 0.089686900 0.821605921 116.417984009 -0.039031714 0.995870590 -0.081965543 -8.273165703 -0.825564444 0.014074341 0.564132333 82.001220703
0.569247723 0.092983857 0.816891134 116.955650330 -0.041776244 0.995571792 -0.084210835 -8.317859650 -0.821103990 0.013810173 0.570611477 82.393661499
0.575652242 0.094939709 0.812164426 117.496726990 -0.044205453 0.995397508 -0.085026853 -8.368597031 -0.816498876 0.013043797 0.577199519 82.784339905
